8 9 10 11 12 13 14 15 0 1 2 3 4 5 6 7
8 9 10 11 12 13 14 0 15 1 2 3 4 5 6 7
8 9 10 11 12 13 0 14 1 15 2 3 4 5 6 7
8 9 10 11 12 13 0 1 14 15 2 3 4 5 6 7
8 9 10 11 12 0 13 14 1 2 15 3 4 5 6 7
8 9 10 11 12 0 13 1 14 2 15 3 4 5 6 7
8 9 10 11 0 12 1 13 2 14 3 15 4 5 6 7
8 9 10 11 0 12 1 2 13 14 3 15 4 5 6 7
8 9 10 11 0 1 12 13 2 3 14 15 4 5 6 7
8 9 10 11 0 1 12 2 13 3 14 15 4 5 6 7
8 9 10 11 0 1 2 12 3 13 14 15 4 5 6 7
8 9 10 11 0 1 2 3 12 13 14 15 4 5 6 7
8 9 10 12 11 13 14 15 0 1 2 4 3 5 6 7
8 9 10 12 11 13 14 0 15 1 2 4 3 5 6 7
8 9 10 12 11 13 0 14 1 15 2 4 3 5 6 7
8 9 10 12 11 13 0 1 14 15 2 4 3 5 6 7
8 9 10 12 11 0 13 14 1 2 15 4 3 5 6 7
8 9 10 12 11 0 13 1 14 2 15 4 3 5 6 7
8 9 10 12 0 11 13 14 1 2 4 15 3 5 6 7
8 9 10 12 0 11 13 1 14 2 4 15 3 5 6 7
8 9 10 0 11 12 1 13 2 14 3 4 15 5 6 7
8 9 10 0 11 12 1 2 13 14 3 4 15 5 6 7
8 9 10 0 11 1 12 13 2 3 14 4 15 5 6 7
8 9 10 0 11 1 12 2 13 3 14 4 15 5 6 7
8 9 10 0 11 1 2 12 3 13 14 4 15 5 6 7
8 9 10 0 11 1 2 3 12 13 14 4 15 5 6 7
8 9 10 0 12 11 1 13 2 14 4 3 15 5 6 7
8 9 10 0 12 11 1 2 13 14 4 3 15 5 6 7
8 9 12 10 13 11 14 15 0 1 4 2 5 3 6 7
8 9 12 10 13 11 14 0 15 1 4 2 5 3 6 7
8 9 12 10 13 11 0 14 1 15 4 2 5 3 6 7
8 9 12 10 13 11 0 1 14 15 4 2 5 3 6 7
8 9 12 10 13 0 11 14 1 4 15 2 5 3 6 7
8 9 12 10 13 0 11 1 14 4 15 2 5 3 6 7
8 9 12 10 0 13 11 14 1 4 2 15 5 3 6 7
8 9 12 10 0 13 11 1 14 4 2 15 5 3 6 7
8 9 12 13 10 11 14 15 0 1 4 5 2 3 6 7
8 9 12 13 10 11 14 0 15 1 4 5 2 3 6 7
8 9 12 13 10 11 0 14 1 15 4 5 2 3 6 7
8 9 12 13 10 11 0 1 14 15 4 5 2 3 6 7
8 9 12 13 10 0 11 14 1 4 15 5 2 3 6 7
8 9 12 13 10 0 11 1 14 4 15 5 2 3 6 7
8 9 12 13 0 10 1 11 4 14 5 15 2 3 6 7
8 9 12 13 0 10 1 4 11 14 5 15 2 3 6 7
8 9 12 13 0 1 10 11 4 5 14 15 2 3 6 7
8 9 12 13 0 1 10 4 11 5 14 15 2 3 6 7
8 9 12 13 0 1 4 10 5 11 14 15 2 3 6 7
8 9 12 13 0 1 4 5 10 11 14 15 2 3 6 7
8 9 12 0 10 13 1 11 4 14 2 5 15 3 6 7
8 9 12 0 10 13 1 4 11 14 2 5 15 3 6 7
8 9 12 0 13 10 1 11 4 14 5 2 15 3 6 7
8 9 12 0 13 10 1 4 11 14 5 2 15 3 6 7
8 9 12 0 13 1 10 11 4 5 14 2 15 3 6 7
8 9 12 0 13 1 10 4 11 5 14 2 15 3 6 7
8 9 12 0 13 1 4 10 5 11 14 2 15 3 6 7
8 9 12 0 13 1 4 5 10 11 14 2 15 3 6 7
8 9 0 10 12 1 11 13 2 4 14 3 5 15 6 7
8 9 0 10 12 1 11 2 13 4 14 3 5 15 6 7
8 9 0 10 1 11 12 13 2 3 4 14 5 15 6 7
8 9 0 10 1 11 12 2 13 3 4 14 5 15 6 7
8 9 0 10 1 11 2 12 3 13 4 14 5 15 6 7
8 9 0 10 1 11 2 3 12 13 4 14 5 15 6 7
8 9 0 10 1 12 11 13 2 4 3 14 5 15 6 7
8 9 0 10 1 12 11 2 13 4 3 14 5 15 6 7
8 9 0 12 10 1 13 11 4 2 14 5 3 15 6 7
8 9 0 12 10 1 13 4 11 2 14 5 3 15 6 7
8 9 0 12 1 10 13 11 4 2 5 14 3 15 6 7
8 9 0 12 1 10 13 4 11 2 5 14 3 15 6 7
8 9 0 12 1 13 10 11 4 5 2 14 3 15 6 7
8 9 0 12 1 13 10 4 11 5 2 14 3 15 6 7
8 9 0 12 1 13 4 10 5 11 2 14 3 15 6 7
8 9 0 12 1 13 4 5 10 11 2 14 3 15 6 7
8 9 0 1 10 11 12 13 2 3 4 5 14 15 6 7
8 9 0 1 10 11 12 2 13 3 4 5 14 15 6 7
8 9 0 1 10 11 2 12 3 13 4 5 14 15 6 7
8 9 0 1 10 11 2 3 12 13 4 5 14 15 6 7
8 9 0 1 10 12 11 13 2 4 3 5 14 15 6 7
8 9 0 1 10 12 11 2 13 4 3 5 14 15 6 7
8 9 0 1 12 10 13 11 4 2 5 3 14 15 6 7
8 9 0 1 12 10 13 4 11 2 5 3 14 15 6 7
8 9 0 1 12 13 10 11 4 5 2 3 14 15 6 7
8 9 0 1 12 13 10 4 11 5 2 3 14 15 6 7
8 9 0 1 12 13 4 10 5 11 2 3 14 15 6 7
8 9 0 1 12 13 4 5 10 11 2 3 14 15 6 7
8 10 9 11 12 14 13 15 0 2 1 3 4 6 5 7
8 10 9 11 12 14 13 0 15 2 1 3 4 6 5 7
8 10 9 11 12 14 0 13 2 15 1 3 4 6 5 7
8 10 9 11 12 14 0 2 13 15 1 3 4 6 5 7
8 10 9 11 12 0 14 13 2 1 15 3 4 6 5 7
8 10 9 11 12 0 14 2 13 1 15 3 4 6 5 7
8 10 9 11 0 12 2 14 1 13 3 15 4 6 5 7
8 10 9 11 0 12 2 1 14 13 3 15 4 6 5 7
8 10 9 11 0 2 12 14 1 3 13 15 4 6 5 7
8 10 9 11 0 2 12 1 14 3 13 15 4 6 5 7
8 10 9 11 0 2 1 12 3 14 13 15 4 6 5 7
8 10 9 11 0 2 1 3 12 14 13 15 4 6 5 7
8 10 9 12 11 14 13 15 0 2 1 4 3 6 5 7
8 10 9 12 11 14 13 0 15 2 1 4 3 6 5 7
8 10 9 12 11 14 0 13 2 15 1 4 3 6 5 7
8 10 9 12 11 14 0 2 13 15 1 4 3 6 5 7
8 10 9 12 11 0 14 13 2 1 15 4 3 6 5 7
8 10 9 12 11 0 14 2 13 1 15 4 3 6 5 7
8 10 9 12 0 11 14 13 2 1 4 15 3 6 5 7
8 10 9 12 0 11 14 2 13 1 4 15 3 6 5 7
8 10 9 0 11 12 2 14 1 13 3 4 15 6 5 7
8 10 9 0 11 12 2 1 14 13 3 4 15 6 5 7
8 10 9 0 11 2 12 14 1 3 13 4 15 6 5 7
8 10 9 0 11 2 12 1 14 3 13 4 15 6 5 7
8 10 9 0 11 2 1 12 3 14 13 4 15 6 5 7
8 10 9 0 11 2 1 3 12 14 13 4 15 6 5 7
8 10 9 0 12 11 2 14 1 13 4 3 15 6 5 7
8 10 9 0 12 11 2 1 14 13 4 3 15 6 5 7
8 10 12 9 14 11 13 15 0 2 4 1 6 3 5 7
8 10 12 9 14 11 13 0 15 2 4 1 6 3 5 7
8 10 12 9 14 11 0 13 2 15 4 1 6 3 5 7
8 10 12 9 14 11 0 2 13 15 4 1 6 3 5 7
8 10 12 9 14 0 11 13 2 4 15 1 6 3 5 7
8 10 12 9 14 0 11 2 13 4 15 1 6 3 5 7
8 10 12 9 0 14 11 13 2 4 1 15 6 3 5 7
8 10 12 9 0 14 11 2 13 4 1 15 6 3 5 7
8 10 12 14 9 11 13 15 0 2 4 6 1 3 5 7
8 10 12 14 9 11 13 0 15 2 4 6 1 3 5 7
8 10 12 14 9 11 0 13 2 15 4 6 1 3 5 7
8 10 12 14 9 11 0 2 13 15 4 6 1 3 5 7
8 10 12 14 9 0 11 13 2 4 15 6 1 3 5 7
8 10 12 14 9 0 11 2 13 4 15 6 1 3 5 7
8 10 12 14 0 9 2 11 4 13 6 15 1 3 5 7
8 10 12 14 0 9 2 4 11 13 6 15 1 3 5 7
8 10 12 14 0 2 9 11 4 6 13 15 1 3 5 7
8 10 12 14 0 2 9 4 11 6 13 15 1 3 5 7
8 10 12 14 0 2 4 9 6 11 13 15 1 3 5 7
8 10 12 14 0 2 4 6 9 11 13 15 1 3 5 7
8 10 12 0 9 14 2 11 4 13 1 6 15 3 5 7
8 10 12 0 9 14 2 4 11 13 1 6 15 3 5 7
8 10 12 0 14 9 2 11 4 13 6 1 15 3 5 7
8 10 12 0 14 9 2 4 11 13 6 1 15 3 5 7
8 10 12 0 14 2 9 11 4 6 13 1 15 3 5 7
8 10 12 0 14 2 9 4 11 6 13 1 15 3 5 7
8 10 12 0 14 2 4 9 6 11 13 1 15 3 5 7
8 10 12 0 14 2 4 6 9 11 13 1 15 3 5 7
8 10 0 9 12 2 11 14 1 4 13 3 6 15 5 7
8 10 0 9 12 2 11 1 14 4 13 3 6 15 5 7
8 10 0 9 2 11 12 14 1 3 4 13 6 15 5 7
8 10 0 9 2 11 12 1 14 3 4 13 6 15 5 7
8 10 0 9 2 11 1 12 3 14 4 13 6 15 5 7
8 10 0 9 2 11 1 3 12 14 4 13 6 15 5 7
8 10 0 9 2 12 11 14 1 4 3 13 6 15 5 7
8 10 0 9 2 12 11 1 14 4 3 13 6 15 5 7
8 10 0 12 9 2 14 11 4 1 13 6 3 15 5 7
8 10 0 12 9 2 14 4 11 1 13 6 3 15 5 7
8 10 0 12 2 9 14 11 4 1 6 13 3 15 5 7
8 10 0 12 2 9 14 4 11 1 6 13 3 15 5 7
8 10 0 12 2 14 9 11 4 6 1 13 3 15 5 7
8 10 0 12 2 14 9 4 11 6 1 13 3 15 5 7
8 10 0 12 2 14 4 9 6 11 1 13 3 15 5 7
8 10 0 12 2 14 4 6 9 11 1 13 3 15 5 7
8 10 0 2 9 11 12 14 1 3 4 6 13 15 5 7
8 10 0 2 9 11 12 1 14 3 4 6 13 15 5 7
8 10 0 2 9 11 1 12 3 14 4 6 13 15 5 7
8 10 0 2 9 11 1 3 12 14 4 6 13 15 5 7
8 10 0 2 9 12 11 14 1 4 3 6 13 15 5 7
8 10 0 2 9 12 11 1 14 4 3 6 13 15 5 7
8 10 0 2 12 9 14 11 4 1 6 3 13 15 5 7
8 10 0 2 12 9 14 4 11 1 6 3 13 15 5 7
8 10 0 2 12 14 9 11 4 6 1 3 13 15 5 7
8 10 0 2 12 14 9 4 11 6 1 3 13 15 5 7
8 10 0 2 12 14 4 9 6 11 1 3 13 15 5 7
8 10 0 2 12 14 4 6 9 11 1 3 13 15 5 7
8 12 9 10 13 14 11 15 0 4 1 2 5 6 3 7
8 12 9 10 13 14 11 0 15 4 1 2 5 6 3 7
8 12 9 10 13 14 0 11 4 15 1 2 5 6 3 7
8 12 9 10 13 14 0 4 11 15 1 2 5 6 3 7
8 12 9 10 13 0 14 11 4 1 15 2 5 6 3 7
8 12 9 10 13 0 14 4 11 1 15 2 5 6 3 7
8 12 9 10 0 13 14 11 4 1 2 15 5 6 3 7
8 12 9 10 0 13 14 4 11 1 2 15 5 6 3 7
8 12 9 13 10 14 11 15 0 4 1 5 2 6 3 7
8 12 9 13 10 14 11 0 15 4 1 5 2 6 3 7
8 12 9 13 10 14 0 11 4 15 1 5 2 6 3 7
8 12 9 13 10 14 0 4 11 15 1 5 2 6 3 7
8 12 9 13 10 0 14 11 4 1 15 5 2 6 3 7
8 12 9 13 10 0 14 4 11 1 15 5 2 6 3 7
8 12 9 13 0 10 4 14 1 11 5 15 2 6 3 7
8 12 9 13 0 10 4 1 14 11 5 15 2 6 3 7
8 12 9 13 0 4 10 14 1 5 11 15 2 6 3 7
8 12 9 13 0 4 10 1 14 5 11 15 2 6 3 7
8 12 9 13 0 4 1 10 5 14 11 15 2 6 3 7
8 12 9 13 0 4 1 5 10 14 11 15 2 6 3 7
8 12 9 0 10 13 4 14 1 11 2 5 15 6 3 7
8 12 9 0 10 13 4 1 14 11 2 5 15 6 3 7
8 12 9 0 13 10 4 14 1 11 5 2 15 6 3 7
8 12 9 0 13 10 4 1 14 11 5 2 15 6 3 7
8 12 9 0 13 4 10 14 1 5 11 2 15 6 3 7
8 12 9 0 13 4 10 1 14 5 11 2 15 6 3 7
8 12 9 0 13 4 1 10 5 14 11 2 15 6 3 7
8 12 9 0 13 4 1 5 10 14 11 2 15 6 3 7
8 12 10 9 14 13 11 15 0 4 2 1 6 5 3 7
8 12 10 9 14 13 11 0 15 4 2 1 6 5 3 7
8 12 10 9 14 13 0 11 4 15 2 1 6 5 3 7
8 12 10 9 14 13 0 4 11 15 2 1 6 5 3 7
8 12 10 9 14 0 13 11 4 2 15 1 6 5 3 7
8 12 10 9 14 0 13 4 11 2 15 1 6 5 3 7
8 12 10 9 0 14 13 11 4 2 1 15 6 5 3 7
8 12 10 9 0 14 13 4 11 2 1 15 6 5 3 7
8 12 10 14 9 13 11 15 0 4 2 6 1 5 3 7
8 12 10 14 9 13 11 0 15 4 2 6 1 5 3 7
8 12 10 14 9 13 0 11 4 15 2 6 1 5 3 7
8 12 10 14 9 13 0 4 11 15 2 6 1 5 3 7
8 12 10 14 9 0 13 11 4 2 15 6 1 5 3 7
8 12 10 14 9 0 13 4 11 2 15 6 1 5 3 7
8 12 10 14 0 9 4 13 2 11 6 15 1 5 3 7
8 12 10 14 0 9 4 2 13 11 6 15 1 5 3 7
8 12 10 14 0 4 9 13 2 6 11 15 1 5 3 7
8 12 10 14 0 4 9 2 13 6 11 15 1 5 3 7
8 12 10 14 0 4 2 9 6 13 11 15 1 5 3 7
8 12 10 14 0 4 2 6 9 13 11 15 1 5 3 7
8 12 10 0 9 14 4 13 2 11 1 6 15 5 3 7
8 12 10 0 9 14 4 2 13 11 1 6 15 5 3 7
8 12 10 0 14 9 4 13 2 11 6 1 15 5 3 7
8 12 10 0 14 9 4 2 13 11 6 1 15 5 3 7
8 12 10 0 14 4 9 13 2 6 11 1 15 5 3 7
8 12 10 0 14 4 9 2 13 6 11 1 15 5 3 7
8 12 10 0 14 4 2 9 6 13 11 1 15 5 3 7
8 12 10 0 14 4 2 6 9 13 11 1 15 5 3 7
8 12 0 9 10 4 13 14 1 2 11 5 6 15 3 7
8 12 0 9 10 4 13 1 14 2 11 5 6 15 3 7
8 12 0 9 4 10 13 14 1 2 5 11 6 15 3 7
8 12 0 9 4 10 13 1 14 2 5 11 6 15 3 7
8 12 0 9 4 13 10 14 1 5 2 11 6 15 3 7
8 12 0 9 4 13 10 1 14 5 2 11 6 15 3 7
8 12 0 9 4 13 1 10 5 14 2 11 6 15 3 7
8 12 0 9 4 13 1 5 10 14 2 11 6 15 3 7
8 12 0 10 9 4 14 13 2 1 11 6 5 15 3 7
8 12 0 10 9 4 14 2 13 1 11 6 5 15 3 7
8 12 0 10 4 9 14 13 2 1 6 11 5 15 3 7
8 12 0 10 4 9 14 2 13 1 6 11 5 15 3 7
8 12 0 10 4 14 9 13 2 6 1 11 5 15 3 7
8 12 0 10 4 14 9 2 13 6 1 11 5 15 3 7
8 12 0 10 4 14 2 9 6 13 1 11 5 15 3 7
8 12 0 10 4 14 2 6 9 13 1 11 5 15 3 7
8 12 0 4 9 10 13 14 1 2 5 6 11 15 3 7
8 12 0 4 9 10 13 1 14 2 5 6 11 15 3 7
8 12 0 4 9 13 10 14 1 5 2 6 11 15 3 7
8 12 0 4 9 13 10 1 14 5 2 6 11 15 3 7
8 12 0 4 9 13 1 10 5 14 2 6 11 15 3 7
8 12 0 4 9 13 1 5 10 14 2 6 11 15 3 7
8 12 0 4 10 9 14 13 2 1 6 5 11 15 3 7
8 12 0 4 10 9 14 2 13 1 6 5 11 15 3 7
8 12 0 4 10 14 9 13 2 6 1 5 11 15 3 7
8 12 0 4 10 14 9 2 13 6 1 5 11 15 3 7
8 12 0 4 10 14 2 9 6 13 1 5 11 15 3 7
8 12 0 4 10 14 2 6 9 13 1 5 11 15 3 7
8 0 9 10 12 1 2 11 4 13 14 3 5 6 15 7
8 0 9 10 12 1 2 4 11 13 14 3 5 6 15 7
8 0 9 10 1 12 2 11 4 13 3 14 5 6 15 7
8 0 9 10 1 12 2 4 11 13 3 14 5 6 15 7
8 0 9 10 1 2 11 12 3 4 13 14 5 6 15 7
8 0 9 10 1 2 11 3 12 4 13 14 5 6 15 7
8 0 9 10 1 2 12 11 4 3 13 14 5 6 15 7
8 0 9 10 1 2 12 4 11 3 13 14 5 6 15 7
8 0 9 12 10 1 4 13 2 11 14 5 3 6 15 7
8 0 9 12 10 1 4 2 13 11 14 5 3 6 15 7
8 0 9 12 1 10 4 13 2 11 5 14 3 6 15 7
8 0 9 12 1 10 4 2 13 11 5 14 3 6 15 7
8 0 9 12 1 4 10 13 2 5 11 14 3 6 15 7
8 0 9 12 1 4 10 2 13 5 11 14 3 6 15 7
8 0 9 12 1 4 13 10 5 2 11 14 3 6 15 7
8 0 9 12 1 4 13 5 10 2 11 14 3 6 15 7
8 0 9 1 10 12 2 11 4 13 3 5 14 6 15 7
8 0 9 1 10 12 2 4 11 13 3 5 14 6 15 7
8 0 9 1 10 2 11 12 3 4 13 5 14 6 15 7
8 0 9 1 10 2 11 3 12 4 13 5 14 6 15 7
8 0 9 1 10 2 12 11 4 3 13 5 14 6 15 7
8 0 9 1 10 2 12 4 11 3 13 5 14 6 15 7
8 0 9 1 12 10 4 13 2 11 5 3 14 6 15 7
8 0 9 1 12 10 4 2 13 11 5 3 14 6 15 7
8 0 9 1 12 4 10 13 2 5 11 3 14 6 15 7
8 0 9 1 12 4 10 2 13 5 11 3 14 6 15 7
8 0 9 1 12 4 13 10 5 2 11 3 14 6 15 7
8 0 9 1 12 4 13 5 10 2 11 3 14 6 15 7
8 0 10 9 12 2 1 11 4 14 13 3 6 5 15 7
8 0 10 9 12 2 1 4 11 14 13 3 6 5 15 7
8 0 10 9 2 12 1 11 4 14 3 13 6 5 15 7
8 0 10 9 2 12 1 4 11 14 3 13 6 5 15 7
8 0 10 9 2 1 11 12 3 4 14 13 6 5 15 7
8 0 10 9 2 1 11 3 12 4 14 13 6 5 15 7
8 0 10 9 2 1 12 11 4 3 14 13 6 5 15 7
8 0 10 9 2 1 12 4 11 3 14 13 6 5 15 7
8 0 10 12 9 2 4 14 1 11 13 6 3 5 15 7
8 0 10 12 9 2 4 1 14 11 13 6 3 5 15 7
8 0 10 12 2 9 4 14 1 11 6 13 3 5 15 7
8 0 10 12 2 9 4 1 14 11 6 13 3 5 15 7
8 0 10 12 2 4 9 14 1 6 11 13 3 5 15 7
8 0 10 12 2 4 9 1 14 6 11 13 3 5 15 7
8 0 10 12 2 4 14 9 6 1 11 13 3 5 15 7
8 0 10 12 2 4 14 6 9 1 11 13 3 5 15 7
8 0 10 2 9 12 1 11 4 14 3 6 13 5 15 7
8 0 10 2 9 12 1 4 11 14 3 6 13 5 15 7
8 0 10 2 9 1 11 12 3 4 14 6 13 5 15 7
8 0 10 2 9 1 11 3 12 4 14 6 13 5 15 7
8 0 10 2 9 1 12 11 4 3 14 6 13 5 15 7
8 0 10 2 9 1 12 4 11 3 14 6 13 5 15 7
8 0 10 2 12 9 4 14 1 11 6 3 13 5 15 7
8 0 10 2 12 9 4 1 14 11 6 3 13 5 15 7
8 0 10 2 12 4 9 14 1 6 11 3 13 5 15 7
8 0 10 2 12 4 9 1 14 6 11 3 13 5 15 7
8 0 10 2 12 4 14 9 6 1 11 3 13 5 15 7
8 0 10 2 12 4 14 6 9 1 11 3 13 5 15 7
8 0 12 9 10 4 1 13 2 14 11 5 6 3 15 7
8 0 12 9 10 4 1 2 13 14 11 5 6 3 15 7
8 0 12 9 4 10 1 13 2 14 5 11 6 3 15 7
8 0 12 9 4 10 1 2 13 14 5 11 6 3 15 7
8 0 12 9 4 1 10 13 2 5 14 11 6 3 15 7
8 0 12 9 4 1 10 2 13 5 14 11 6 3 15 7
8 0 12 9 4 1 13 10 5 2 14 11 6 3 15 7
8 0 12 9 4 1 13 5 10 2 14 11 6 3 15 7
8 0 12 10 9 4 2 14 1 13 11 6 5 3 15 7
8 0 12 10 9 4 2 1 14 13 11 6 5 3 15 7
8 0 12 10 4 9 2 14 1 13 6 11 5 3 15 7
8 0 12 10 4 9 2 1 14 13 6 11 5 3 15 7
8 0 12 10 4 2 9 14 1 6 13 11 5 3 15 7
8 0 12 10 4 2 9 1 14 6 13 11 5 3 15 7
8 0 12 10 4 2 14 9 6 1 13 11 5 3 15 7
8 0 12 10 4 2 14 6 9 1 13 11 5 3 15 7
8 0 12 4 9 10 1 13 2 14 5 6 11 3 15 7
8 0 12 4 9 10 1 2 13 14 5 6 11 3 15 7
8 0 12 4 9 1 10 13 2 5 14 6 11 3 15 7
8 0 12 4 9 1 10 2 13 5 14 6 11 3 15 7
8 0 12 4 9 1 13 10 5 2 14 6 11 3 15 7
8 0 12 4 9 1 13 5 10 2 14 6 11 3 15 7
8 0 12 4 10 9 2 14 1 13 6 5 11 3 15 7
8 0 12 4 10 9 2 1 14 13 6 5 11 3 15 7
8 0 12 4 10 2 9 14 1 6 13 5 11 3 15 7
8 0 12 4 10 2 9 1 14 6 13 5 11 3 15 7
8 0 12 4 10 2 14 9 6 1 13 5 11 3 15 7
8 0 12 4 10 2 14 6 9 1 13 5 11 3 15 7
